[gd_scene format=3 uid="uid://cm3sde208xh1h"]

[ext_resource type="ArrayMesh" uid="uid://bf0jysxtyni05" path="res://Assets/Characters/Character Hero Meshes/Heads/Female_Head_6.res" id="1_s8qyk"]
[ext_resource type="Skin" uid="uid://krk1ouqog26y" path="res://Resources/MeshSkins/WarriorSkin.tres" id="1_upfft"]

[sub_resource type="Skin" id="Skin_s8qyk"]
resource_name = "Skin"
bind_count = 23
bind/0/name = &"root"
bind/0/bone = -1
bind/0/pose = Transform3D(1, 0, -2.3841855e-07, 0, 1, 0, 2.3841855e-07, 0, 1, 0, 0, 0)
bind/1/name = &"hips"
bind/1/bone = -1
bind/1/pose = Transform3D(1, 0, 0, 0, 1, 0, 0, 0, 1, 0, -0.40566343, 0)
bind/2/name = &"spine"
bind/2/bone = -1
bind/2/pose = Transform3D(1, 0, -1.4210855e-14, 0, 1, 0, 1.4210855e-14, 0, 1, 0, -0.59764093, 0)
bind/3/name = &"chest"
bind/3/bone = -1
bind/3/pose = Transform3D(1, 0, -1.4210854e-14, 0, 1.0000001, 0, 1.4210854e-14, 0, 1, 0, -0.97262895, 0)
bind/4/name = &"upperarm.l"
bind/4/bone = -1
bind/4/pose = Transform3D(0.05729549, -1.3410366e-07, 0.99835753, 0.99835753, 3.9647796e-09, -0.05729569, 3.3244254e-09, 1.0000002, 1.2294612e-07, -0.012147002, -0.21165913, -1.1067613)
bind/5/name = &"lowerarm.l"
bind/5/bone = -1
bind/5/pose = Transform3D(-0.053297255, -9.514964e-09, 0.9985789, 0.99857897, -9.953018e-10, 0.053297054, 8.5924594e-11, 1.0000002, -1.6099023e-09, 0.038010545, -0.45212415, -1.1067613)
bind/6/name = &"wrist.l"
bind/6/bone = -1
bind/6/pose = Transform3D(-3.725292e-09, -8.936492e-09, 1.0000002, 1.0000002, -4.0084122e-10, -1.9744049e-07, 1.3606717e-18, 1.0000002, -2.227898e-09, -7.313433e-08, -0.7131817, -1.1067613)
bind/7/name = &"hand.l"
bind/7/bone = -1
bind/7/pose = Transform3D(-1.2159625e-26, -8.936492e-09, 1.0000002, 1.0000002, -4.008412e-10, -2.0116576e-07, -4.135905e-25, 1.0000002, -2.227898e-09, -7.606616e-08, -0.7870076, -1.1067613)
bind/8/name = &"handslot.l"
bind/8/bone = -1
bind/8/pose = Transform3D(-1.0000002, -4.352648e-09, -3.819581e-09, -2.3841864e-07, -8.936492e-09, 1.0000002, -4.7534914e-09, 1.0000002, -2.227898e-09, 0.88313264, 1.3397522e-07, -1.0492613)
bind/9/name = &"head"
bind/9/bone = -1
bind/9/pose = Transform3D(1, 0, -1.4210855e-14, 0, 1.0000001, 0, 1.4210855e-14, 0, 1, 0, -1.2414255, 0)
bind/10/name = &"upperarm.r"
bind/10/bone = -1
bind/10/pose = Transform3D(0.05729549, 1.3410366e-07, -0.99835753, -0.99835753, 3.9647796e-09, -0.05729569, -3.3244254e-09, 1.0000002, 1.2294612e-07, 0.012147002, -0.21165913, -1.1067613)
bind/11/name = &"lowerarm.r"
bind/11/bone = -1
bind/11/pose = Transform3D(-0.053297255, 9.514964e-09, -0.9985789, -0.99857897, -9.953018e-10, 0.053297054, -8.5924594e-11, 1.0000002, -1.6099023e-09, -0.038010545, -0.45212415, -1.1067613)
bind/12/name = &"wrist.r"
bind/12/bone = -1
bind/12/pose = Transform3D(-3.725292e-09, 8.936492e-09, -1.0000002, -1.0000002, -4.0084122e-10, -1.9744049e-07, -1.3606717e-18, 1.0000002, -2.227898e-09, 7.313433e-08, -0.7131817, -1.1067613)
bind/13/name = &"hand.r"
bind/13/bone = -1
bind/13/pose = Transform3D(-1.2159625e-26, 8.936492e-09, -1.0000002, -1.0000002, -4.008412e-10, -2.0116576e-07, 4.135905e-25, 1.0000002, -2.227898e-09, 7.606616e-08, -0.7870076, -1.1067613)
bind/14/name = &"handslot.r"
bind/14/bone = -1
bind/14/pose = Transform3D(-1.0000002, 4.352591e-09, 3.819581e-09, 2.3841864e-07, -8.936492e-09, 1.0000002, 4.7534345e-09, 1.0000002, -2.227898e-09, -0.88313264, 1.3397522e-07, -1.0492613)
bind/15/name = &"upperleg.l"
bind/15/bone = -1
bind/15/pose = Transform3D(1, -1.3659307e-07, -1.5161844e-07, -1.3124303e-07, -0.99939644, 0.034742657, -1.5626951e-07, -0.034742657, -0.99939597, -0.17094499, 0.5189373, 0.018040188)
bind/16/name = &"lowerleg.l"
bind/16/bone = -1
bind/16/pose = Transform3D(1, 7.3804846e-10, -4.0999537e-09, 5.86031e-13, -0.984181, -0.17716601, -4.162873e-09, 0.17716613, -0.98418057, -0.17094503, 0.289084, -0.044022996)
bind/17/name = &"foot.l"
bind/17/bone = -1
bind/17/pose = Transform3D(1, -1.6928703e-09, -1.7557132e-09, -2.0742292e-12, -0.719873, 0.6941057, -2.4367008e-09, -0.694106, -0.71987265, -0.17094503, 0.11745294, 0.08743056)
bind/18/name = &"toes.l"
bind/18/bone = -1
bind/18/pose = Transform3D(-1, 1.5343471e-07, -6.460088e-15, -3.0319768e-12, 5.960463e-08, 0.99999976, 1.5343466e-07, 1, -2.9802315e-08, 0.17094503, -0.09639277, -0.025990315)
bind/19/name = &"upperleg.r"
bind/19/bone = -1
bind/19/pose = Transform3D(1, 1.3659307e-07, 1.5161844e-07, 1.3124303e-07, -0.99939644, 0.034742657, 1.5626951e-07, -0.034742657, -0.99939597, 0.17094499, 0.5189373, 0.018040188)
bind/20/name = &"lowerleg.r"
bind/20/bone = -1
bind/20/pose = Transform3D(1, -7.380434e-10, 4.0999257e-09, -5.924148e-13, -0.984181, -0.17716601, 4.1628456e-09, 0.17716613, -0.98418057, 0.17094503, 0.289084, -0.044022996)
bind/21/name = &"foot.r"
bind/21/bone = -1
bind/21/pose = Transform3D(1, 1.6928463e-09, 1.7556883e-09, 2.0700104e-12, -0.719873, 0.6941057, 2.4366615e-09, -0.694106, -0.71987265, 0.17094503, 0.11745294, 0.08743056)
bind/22/name = &"toes.r"
bind/22/bone = -1
bind/22/pose = Transform3D(-1, -1.5343467e-07, 1.0123822e-14, 3.0390822e-12, 5.960463e-08, 0.99999976, -1.5343463e-07, 1, -2.9802315e-08, -0.17094503, -0.09639277, -0.025990315)

[sub_resource type="CapsuleShape3D" id="CapsuleShape3D_746u8"]
radius = 0.69628906
height = 2.1984863

[sub_resource type="AnimationLibrary" id="AnimationLibrary_r867k"]

[node name="Vendor" type="CharacterBody3D" unique_id=1411155726]

[node name="Model" type="Node3D" parent="." unique_id=913476938]
unique_name_in_owner = true

[node name="Rig_Medium" type="Node3D" parent="Model" unique_id=936685240]

[node name="Skeleton3D" type="Skeleton3D" parent="Model/Rig_Medium" unique_id=824204584]
bones/0/name = "root"
bones/0/parent = -1
bones/0/rest = Transform3D(1, 0, 2.3841855e-07, 0, 1, 0, -2.3841855e-07, 0, 1, 0, 0, 0)
bones/0/enabled = true
bones/0/position = Vector3(0, 0, 0)
bones/0/rotation = Quaternion(0, 1.19209275e-07, 0, 1)
bones/0/scale = Vector3(1, 1, 1)
bones/1/name = "hips"
bones/1/parent = 0
bones/1/rest = Transform3D(1, 0, -2.3841855e-07, 0, 1, 0, 2.3841855e-07, 0, 1, 0, 0.40566343, 0)
bones/1/enabled = true
bones/1/position = Vector3(0, 0.40566343, 0)
bones/1/rotation = Quaternion(0, -1.19209275e-07, 0, 1)
bones/1/scale = Vector3(1, 1, 1)
bones/2/name = "spine"
bones/2/parent = 1
bones/2/rest = Transform3D(1, 0, 1.4210855e-14, 0, 1, 0, -1.4210855e-14, 0, 1, 0, 0.1919775, 0)
bones/2/enabled = true
bones/2/position = Vector3(0, 0.1919775, 0)
bones/2/rotation = Quaternion(0, 7.1054274e-15, 0, 1)
bones/2/scale = Vector3(1, 1, 1)
bones/3/name = "chest"
bones/3/parent = 2
bones/3/rest = Transform3D(1, 0, -1.6940659e-21, 0, 0.99999994, 0, 1.6940659e-21, 0, 1, 0, 0.37498796, 0)
bones/3/enabled = true
bones/3/position = Vector3(0, 0.37498796, 0)
bones/3/rotation = Quaternion(0, -8.4703295e-22, 0, 1)
bones/3/scale = Vector3(1, 0.99999994, 1)
bones/4/name = "upperarm.l"
bones/4/parent = 3
bones/4/rest = Transform3D(0.057284202, 0.9983573, -4.5386042e-07, -3.8742996e-07, 4.768369e-07, 0.99999976, 0.9983573, -0.057284202, 4.1410917e-07, 0.21200737, 0.13413215, 8.402462e-08)
bones/4/enabled = true
bones/4/position = Vector3(0.21200737, 0.13413215, 8.402462e-08)
bones/4/rotation = Quaternion(-0.5141215, -0.48546782, -0.48546782, 0.51412183)
bones/4/scale = Vector3(0.99999934, 0.99999934, 0.99999976)
bones/5/name = "lowerarm.l"
bones/5/parent = 4
bones/5/rest = Transform3D(0.99388725, 0.11040192, -1.2453701e-07, -0.110401966, 0.9938869, 3.9025445e-09, 1.2420661e-07, 9.87044e-09, 0.99999994, -3.2196643e-09, 0.2418973, -1.1940561e-07)
bones/5/enabled = true
bones/5/position = Vector3(-3.2196643e-09, 0.2418973, -1.1940561e-07)
bones/5/rotation = Quaternion(1.4942598e-09, -6.228116e-08, -0.055285532, 0.99847054)
bones/5/scale = Vector3(1.0000002, 0.9999999, 0.99999994)
bones/6/name = "wrist.l"
bones/6/parent = 5
bones/6/rest = Transform3D(0.99857867, -0.053297248, -6.125374e-10, 0.053297248, 0.99857867, -1.1874038e-10, 6.179954e-10, 8.5925066e-11, 0.99999994, 7.426282e-09, 0.26004383, 6.127964e-11)
bones/6/enabled = true
bones/6/position = Vector3(7.426282e-09, 0.26004383, 6.127964e-11)
bones/6/rotation = Quaternion(5.118456e-11, -3.0774258e-10, 0.0266581, 0.99964464)
bones/6/scale = Vector3(0.99999994, 0.99999994, 0.99999994)
bones/7/name = "hand.l"
bones/7/parent = 6
bones/7/rest = Transform3D(1, 1.091039e-05, 2.7178578e-07, -1.0910391e-05, 0.99999994, -2.40181e-09, -2.7178584e-07, 2.398845e-09, 0.99999994, 9.054979e-13, 0.073825836, -2.220446e-16)
bones/7/enabled = true
bones/7/position = Vector3(9.054979e-13, 0.073825836, -2.220446e-16)
bones/7/rotation = Quaternion(1.2001639e-09, 1.3589292e-07, -5.4551956e-06, 1)
bones/7/scale = Vector3(1, 0.99999994, 0.99999994)
bones/8/name = "handslot.l"
bones/8/parent = 7
bones/8/rest = Transform3D(-1.1920929e-07, 1, -3.4461551e-16, -0.99999994, -1.192093e-07, -4.753489e-09, -4.753489e-09, -2.2204463e-16, 0.99999994, 5.1389204e-10, 0.09612507, -0.057500124)
bones/8/enabled = true
bones/8/position = Vector3(5.1389204e-10, 0.09612507, -0.057500124)
bones/8/rotation = Quaternion(1.6806123e-09, 1.6806123e-09, -0.7071068, 0.7071067)
bones/8/scale = Vector3(0.99999994, 1, 0.99999994)
bones/9/name = "head"
bones/9/parent = 3
bones/9/rest = Transform3D(1, 0, 8.4703295e-22, 0, 1, 0, -8.4703295e-22, 0, 1, 0, 0.26879656, 0)
bones/9/enabled = true
bones/9/position = Vector3(0, 0.26879656, 0)
bones/9/rotation = Quaternion(0, 4.2351647e-22, 0, 1)
bones/9/scale = Vector3(1, 1, 1)
bones/10/name = "upperarm.r"
bones/10/parent = 3
bones/10/rest = Transform3D(0.05728419, -0.99835724, 4.4361707e-07, 5.6624367e-07, 4.7683673e-07, 0.99999976, -0.99835724, -0.05728419, 5.9262936e-07, -0.21200737, 0.13413215, 8.402462e-08)
bones/10/enabled = true
bones/10/position = Vector3(-0.21200737, 0.13413215, 8.402462e-08)
bones/10/rotation = Quaternion(-0.5141214, 0.48546776, 0.4854678, 0.5141219)
bones/10/scale = Vector3(0.9999993, 0.9999993, 0.99999976)
bones/11/name = "lowerarm.r"
bones/11/parent = 10
bones/11/rest = Transform3D(0.99388725, -0.11040192, 1.2453701e-07, 0.110401966, 0.9938869, 3.9025445e-09, -1.2420661e-07, 9.87044e-09, 0.99999994, -7.1219225e-11, 0.24189733, -1.1940561e-07)
bones/11/enabled = true
bones/11/position = Vector3(-7.1219225e-11, 0.24189733, -1.1940561e-07)
bones/11/rotation = Quaternion(1.4942598e-09, 6.228116e-08, 0.055285532, 0.99847054)
bones/11/scale = Vector3(1.0000002, 0.9999999, 0.99999994)
bones/12/name = "wrist.r"
bones/12/parent = 11
bones/12/rest = Transform3D(0.99857867, 0.053297248, 6.1252675e-10, -0.053297248, 0.99857867, -1.1873953e-10, -6.1798466e-10, 8.592478e-11, 0.99999994, -7.426282e-09, 0.26004383, 6.127964e-11)
bones/12/enabled = true
bones/12/position = Vector3(-7.426282e-09, 0.26004383, 6.127964e-11)
bones/12/rotation = Quaternion(5.1184276e-11, 3.0773722e-10, -0.0266581, 0.99964464)
bones/12/scale = Vector3(0.99999994, 0.99999994, 0.99999994)
bones/13/name = "hand.r"
bones/13/parent = 12
bones/13/rest = Transform3D(1, -1.091039e-05, -1.8421935e-07, 1.0910391e-05, 0.99999994, -2.4008373e-09, 1.8421939e-07, 2.3988274e-09, 0.99999994, 3.996803e-15, 0.073825836, -2.220446e-16)
bones/13/enabled = true
bones/13/position = Vector3(3.996803e-15, 0.073825836, -2.220446e-16)
bones/13/rotation = Quaternion(1.1999163e-09, -9.210969e-08, 5.4551956e-06, 1)
bones/13/scale = Vector3(1, 0.99999994, 0.99999994)
bones/14/name = "handslot.r"
bones/14/parent = 13
bones/14/rest = Transform3D(-1.1920929e-07, -1, 3.4460874e-16, 0.99999994, -1.192093e-07, -4.7534323e-09, 4.7534323e-09, -2.2204463e-16, 0.99999994, -5.1389204e-10, 0.09612507, -0.057500124)
bones/14/enabled = true
bones/14/position = Vector3(-5.1389204e-10, 0.09612507, -0.057500124)
bones/14/rotation = Quaternion(1.6805922e-09, -1.6805922e-09, 0.7071068, 0.7071067)
bones/14/scale = Vector3(0.99999994, 1, 0.99999994)
bones/15/name = "upperleg.l"
bones/15/parent = 1
bones/15/rest = Transform3D(1, -1.4221531e-07, -2.6560238e-08, -1.4305222e-07, -0.9993962, -0.034741182, -2.160345e-08, 0.034741133, -0.9993976, 0.17094506, 0.11358726, 1.3923272e-08)
bones/15/enabled = true
bones/15/position = Vector3(0.17094506, 0.11358726, 1.3923272e-08)
bones/15/rotation = Quaternion(0.9998491, -7.1327655e-08, -1.2042731e-08, 0.017373191)
bones/15/scale = Vector3(1, 0.9999998, 1.0000012)
bones/16/name = "lowerleg.l"
bones/16/parent = 15
bones/16/rest = Transform3D(1, 1.61291e-07, 1.2085519e-07, -1.3212053e-07, 0.9774329, -0.21124826, -1.522002e-07, 0.21124834, 0.97743255, 3.5797574e-09, 0.2270775, -6.140325e-09)
bones/16/enabled = true
bones/16/position = Vector3(3.5797574e-09, 0.2270775, -6.140325e-09)
bones/16/rotation = Quaternion(0.106225125, 6.865227e-08, -7.377025e-08, 0.9943421)
bones/16/scale = Vector3(1, 1.0000005, 1.0000001)
bones/17/name = "foot.l"
bones/17/parent = 16
bones/17/rest = Transform3D(1, 4.6432284e-08, 6.012426e-08, -7.592727e-08, 0.5855154, 0.8106606, 2.437142e-09, -0.81066227, 0.5855142, 1.8339347e-10, 0.14943703, 9.658738e-10)
bones/17/enabled = true
bones/17/position = Vector3(1.8339347e-10, 0.14943703, 9.658738e-10)
bones/17/rotation = Quaternion(-0.45523897, 1.619755e-08, -3.4356393e-08, 0.8903693)
bones/17/scale = Vector3(1, 1.0000008, 0.99999875)
bones/18/name = "toes.l"
bones/18/parent = 17
bones/18/rest = Transform3D(-1, 1.332896e-07, 6.9433895e-08, 4.2534122e-08, 0.6941041, -0.7198751, -1.4414616e-07, -0.71987, -0.694109, -1.5114397e-08, 0.16565003, 5.171392e-09)
bones/18/enabled = true
bones/18/position = Vector3(-1.5114397e-08, 0.16565003, 5.171392e-09)
bones/18/rotation = Quaternion(4.7759887e-08, 0.92035496, -0.39108413, 5.801561e-08)
bones/18/scale = Vector3(1, 0.9999966, 1.0000037)
bones/19/name = "upperleg.r"
bones/19/parent = 1
bones/19/rest = Transform3D(1, 1.496114e-07, -6.08626e-08, 1.4740667e-07, -0.9993962, -0.034741182, -6.6023446e-08, 0.034741133, -0.9993976, -0.17094506, 0.11358726, 1.3923272e-08)
bones/19/enabled = true
bones/19/position = Vector3(-0.17094506, 0.11358726, 1.3923272e-08)
bones/19/rotation = Quaternion(0.9998491, 7.426573e-08, -3.172628e-08, 0.017373191)
bones/19/scale = Vector3(1, 0.9999998, 1.0000012)
bones/20/name = "lowerleg.r"
bones/20/parent = 19
bones/20/rest = Transform3D(1, -1.61291e-07, -1.2085522e-07, 1.3212053e-07, 0.9774329, -0.21124826, 1.5220023e-07, 0.21124834, 0.97743255, -3.5797574e-09, 0.2270775, -6.140325e-09)
bones/20/enabled = true
bones/20/position = Vector3(-3.5797574e-09, 0.2270775, -6.140325e-09)
bones/20/rotation = Quaternion(0.106225125, -6.8652284e-08, 7.377025e-08, 0.9943421)
bones/20/scale = Vector3(1, 1.0000005, 1.0000001)
bones/21/name = "foot.r"
bones/21/parent = 20
bones/21/rest = Transform3D(1, -1.5513058e-07, 2.935212e-07, -1.4711547e-07, 0.5855154, 0.8106606, -2.9761958e-07, -0.81066227, 0.5855142, -1.8339222e-10, 0.14943703, 9.658786e-10)
bones/21/enabled = true
bones/21/position = Vector3(-1.8339222e-10, 0.14943703, 9.658786e-10)
bones/21/rotation = Quaternion(-0.45523897, 1.6598203e-07, 2.2504727e-09, 0.8903693)
bones/21/scale = Vector3(1, 1.0000008, 0.99999875)
bones/22/name = "toes.r"
bones/22/parent = 21
bones/22/rest = Transform3D(-1, 8.95137e-08, 1.0213958e-07, -1.1394949e-08, 0.6941041, -0.7198751, -1.3533413e-07, -0.71987, -0.694109, 2.1323326e-10, 0.16565003, 5.1714e-09)
bones/22/enabled = true
bones/22/position = Vector3(2.1323326e-10, 0.16565003, 5.1714e-09)
bones/22/rotation = Quaternion(2.1219819e-08, 0.92035496, -0.39108413, 6.450591e-08)
bones/22/scale = Vector3(1, 0.9999966, 1.0000037)

[node name="arm_left" type="MeshInstance3D" parent="Model/Rig_Medium/Skeleton3D" unique_id=1831068420]

[node name="arm_right" type="MeshInstance3D" parent="Model/Rig_Medium/Skeleton3D" unique_id=1877375357]

[node name="helm" type="MeshInstance3D" parent="Model/Rig_Medium/Skeleton3D" unique_id=198414907]
skin = SubResource("Skin_s8qyk")

[node name="helm_addon" type="MeshInstance3D" parent="Model/Rig_Medium/Skeleton3D" unique_id=1236569666]
skin = SubResource("Skin_s8qyk")

[node name="armor" type="MeshInstance3D" parent="Model/Rig_Medium/Skeleton3D" unique_id=2103053583]

[node name="back" type="MeshInstance3D" parent="Model/Rig_Medium/Skeleton3D" unique_id=1778916062]

[node name="head" type="MeshInstance3D" parent="Model/Rig_Medium/Skeleton3D" unique_id=783029388]
mesh = ExtResource("1_s8qyk")
skin = ExtResource("1_upfft")

[node name="leg_left" type="MeshInstance3D" parent="Model/Rig_Medium/Skeleton3D" unique_id=479407300]

[node name="leg_right" type="MeshInstance3D" parent="Model/Rig_Medium/Skeleton3D" unique_id=1814626560]

[node name="accessory1" type="MeshInstance3D" parent="Model/Rig_Medium/Skeleton3D" unique_id=1108259524]

[node name="accessory2" type="MeshInstance3D" parent="Model/Rig_Medium/Skeleton3D" unique_id=1562728704]

[node name="accessory3" type="MeshInstance3D" parent="Model/Rig_Medium/Skeleton3D" unique_id=775363842]

[node name="CollisionShape3D" type="CollisionShape3D" parent="." unique_id=931835941]
transform = Transform3D(1, 0, 0, 0, 1, 0, 0, 0, 1, 0, 0.9686279, 0)
shape = SubResource("CapsuleShape3D_746u8")

[node name="AnimationPlayer" type="AnimationPlayer" parent="." unique_id=1807600777]
libraries/NPC = SubResource("AnimationLibrary_r867k")

[node name="NPCInventoryComponent" type="Node" parent="." unique_id=757219047]
