[gd_resource type="Skin" format=3 uid="uid://t7n620gse70d"]

[resource]
resource_name = "Skin"
bind_count = 41
bind/0/name = &"root"
bind/0/bone = -1
bind/0/pose = Transform3D(1, 0, -2.3841855e-07, 0, 1, 0, 2.3841855e-07, 0, 1, 0, 0, 0)
bind/1/name = &"hips"
bind/1/bone = -1
bind/1/pose = Transform3D(1, 0, 0, 0, 1, 0, 0, 0, 1, 0, -0.40566343, 0)
bind/2/name = &"spine"
bind/2/bone = -1
bind/2/pose = Transform3D(1, 0, -1.4210855e-14, 0, 1, 0, 1.4210855e-14, 0, 1, 0, -0.59764093, 0)
bind/3/name = &"chest"
bind/3/bone = -1
bind/3/pose = Transform3D(1, 0, -1.4210855e-14, 0, 1.0000001, 0, 1.4210855e-14, 0, 1, 0, -0.97262895, 0)
bind/4/name = &"upperarm.l"
bind/4/bone = -1
bind/4/pose = Transform3D(0.05729549, -1.3410366e-07, 0.99835753, 0.99835753, 3.9647796e-09, -0.05729569, 3.3244254e-09, 1.0000002, 1.2294612e-07, -0.012147002, -0.21165913, -1.1067613)
bind/5/name = &"lowerarm.l"
bind/5/bone = -1
bind/5/pose = Transform3D(-0.053297255, -1.5078559e-08, 0.9985789, 0.99857897, -9.953021e-10, 0.053297054, -2.1059943e-10, 1.0000002, 3.9457633e-09, 0.038010553, -0.45212415, -1.1067613)
bind/6/name = &"wrist.l"
bind/6/bone = -1
bind/6/pose = Transform3D(-3.725292e-09, -1.45186965e-08, 1.0000002, 1.0000002, -4.0084122e-10, -1.9744049e-07, 1.3821014e-18, 1.0000002, 3.354286e-09, -6.695616e-08, -0.7131817, -1.1067613)
bind/7/name = &"hand.l"
bind/7/bone = -1
bind/7/pose = Transform3D(-2.0066303e-26, -1.45186965e-08, 1.0000002, 1.0000002, -4.0084117e-10, -2.0116576e-07, -5.1698813e-25, 1.0000002, 3.354286e-09, -6.988799e-08, -0.7870076, -1.1067613)
bind/8/name = &"handslot.l"
bind/8/bone = -1
bind/8/pose = Transform3D(-1.0000002, -4.152227e-09, -3.819581e-09, -2.3841864e-07, -1.45186965e-08, 1.0000002, -4.5530713e-09, 1.0000002, 3.354286e-09, 0.88313264, 1.398324e-07, -1.0492613)
bind/9/name = &"upperarm.r"
bind/9/bone = -1
bind/9/pose = Transform3D(0.05729549, 1.3410366e-07, -0.99835753, -0.99835753, 3.9647796e-09, -0.05729569, -3.3244254e-09, 1.0000002, 1.2294612e-07, 0.012147002, -0.21165913, -1.1067613)
bind/10/name = &"lowerarm.r"
bind/10/bone = -1
bind/10/pose = Transform3D(-0.053297255, 1.5078559e-08, -0.9985789, -0.99857897, -9.953021e-10, 0.053297054, 2.1059943e-10, 1.0000002, 3.9457633e-09, -0.038010553, -0.45212415, -1.1067613)
bind/11/name = &"wrist.r"
bind/11/bone = -1
bind/11/pose = Transform3D(-3.725292e-09, 1.45186965e-08, -1.0000002, -1.0000002, -4.0084122e-10, -1.9744049e-07, -1.3821014e-18, 1.0000002, 3.354286e-09, 6.695616e-08, -0.7131817, -1.1067613)
bind/12/name = &"hand.r"
bind/12/bone = -1
bind/12/pose = Transform3D(-2.0066303e-26, 1.45186965e-08, -1.0000002, -1.0000002, -4.0084117e-10, -2.0116576e-07, 5.1698813e-25, 1.0000002, 3.354286e-09, 6.988799e-08, -0.7870076, -1.1067613)
bind/13/name = &"handslot.r"
bind/13/bone = -1
bind/13/pose = Transform3D(-1.0000002, 4.15217e-09, 3.819581e-09, 2.3841864e-07, -1.45186965e-08, 1.0000002, 4.5530144e-09, 1.0000002, 3.354286e-09, -0.88313264, 1.398324e-07, -1.0492613)
bind/14/name = &"head"
bind/14/bone = -1
bind/14/pose = Transform3D(1, 0, -1.4210855e-14, 0, 1.0000001, 0, 1.4210855e-14, 0, 1, 0, -1.2414255, 0)
bind/15/name = &"upperleg.l"
bind/15/bone = -1
bind/15/pose = Transform3D(1, -1.3659294e-07, -1.5161571e-07, -1.3124303e-07, -0.99939644, 0.034742657, -1.5626678e-07, -0.034742657, -0.99939597, -0.17094499, 0.5189373, 0.018040188)
bind/16/name = &"lowerleg.l"
bind/16/bone = -1
bind/16/pose = Transform3D(1, 7.373566e-10, -4.096151e-09, 5.4184413e-13, -0.984181, -0.17716601, -4.158996e-09, 0.17716613, -0.98418057, -0.17094503, 0.289084, -0.044022996)
bind/17/name = &"foot.l"
bind/17/bone = -1
bind/17/pose = Transform3D(1, -1.6914677e-09, -1.7542586e-09, -2.1057596e-12, -0.719873, 0.6941057, -2.4347038e-09, -0.694106, -0.71987265, -0.17094503, 0.11745294, 0.08743056)
bind/18/name = &"toes.l"
bind/18/bone = -1
bind/18/pose = Transform3D(-1, 1.534327e-07, -1.1567053e-14, -3.0390824e-12, 5.960463e-08, 0.99999976, 1.5343267e-07, 1, -2.9802315e-08, 0.17094503, -0.09639277, -0.025990315)
bind/19/name = &"upperleg.r"
bind/19/bone = -1
bind/19/pose = Transform3D(1, 1.3659294e-07, 1.5161571e-07, 1.3124303e-07, -0.99939644, 0.034742657, 1.5626678e-07, -0.034742657, -0.99939597, 0.17094499, 0.5189373, 0.018040188)
bind/20/name = &"lowerleg.r"
bind/20/bone = -1
bind/20/pose = Transform3D(1, -7.3735157e-10, 4.096123e-09, -5.477283e-13, -0.984181, -0.17716601, 4.158968e-09, 0.17716613, -0.98418057, 0.17094503, 0.289084, -0.044022996)
bind/21/name = &"foot.r"
bind/21/bone = -1
bind/21/pose = Transform3D(1, 1.6914528e-09, 1.7542423e-09, 2.1022069e-12, -0.719873, 0.6941057, 2.4346767e-09, -0.694106, -0.71987265, 0.17094503, 0.11745294, 0.08743056)
bind/22/name = &"toes.r"
bind/22/bone = -1
bind/22/pose = Transform3D(-1, -1.5343268e-07, 6.57105e-15, 3.0390824e-12, 5.960463e-08, 0.99999976, -1.5343264e-07, 1, -2.9802315e-08, -0.17094503, -0.09639277, -0.025990315)
bind/23/name = &"kneeIK.l"
bind/23/bone = -1
bind/23/pose = Transform3D(1, -3.894143e-07, 2.073206e-08, -2.073197e-08, 1.1920923e-07, 1.0000001, -3.8941437e-07, -1.0000001, -8.073362e-15, -0.17094491, -0.57581246, 0.29231033)
bind/24/name = &"control-toe-roll.l"
bind/24/bone = -1
bind/24/pose = Transform3D(1, 1.4210863e-14, -3.8933862e-08, -3.8933862e-08, -3.979414e-14, -1, -1.4210863e-14, 1, 5.532838e-22, -0.17094502, 0.24578933, -0.025990263)
bind/25/name = &"control-heel-roll.l"
bind/25/bone = -1
bind/25/pose = Transform3D(-1, 1.1713735e-20, 3.8933862e-08, 3.8933862e-08, 3.979414e-14, 1, 1.1858461e-20, 1, 5.532838e-22, 0.17094503, 0.117043324, -0.025990263)
bind/26/name = &"control-foot-roll.l"
bind/26/bone = -1
bind/26/pose = Transform3D(1, -1.6840433e-07, -1.7465585e-07, -2.8421713e-14, 0.7198727, -0.6941061, 2.4262047e-07, 0.6941061, 0.7198728, -0.170945, 0.048197158, -0.087430604)
bind/27/name = &"heelIK.l"
bind/27/bone = -1
bind/27/pose = Transform3D(1, -9.300424e-08, -1.1439113e-14, -5.961517e-14, -2.9802326e-08, -1.0000001, 9.300423e-08, 1, -2.9802326e-08, -0.17094502, -0.018585881, -0.14523722)
bind/28/name = &"IK-foot.l"
bind/28/bone = -1
bind/28/pose = Transform3D(1, 1.0189056e-07, 1.0567295e-07, 3.552714e-14, -0.7198727, 0.6941061, 1.4679388e-07, -0.6941061, -0.7198728, -0.17094505, 0.11745288, 0.08743053)
bind/29/name = &"IK-toe.l"
bind/29/bone = -1
bind/29/pose = Transform3D(-1, 1.3482973e-16, -7.105428e-15, -3.552714e-15, 3.9794143e-14, 1.0000001, 1.3483142e-16, 1, 5.144514e-29, 0.17094503, 0.11704334, -0.025990263)
bind/30/name = &"kneeIK.r"
bind/30/bone = -1
bind/30/pose = Transform3D(1, 1.5099579e-07, 2.073206e-08, -2.0732035e-08, 1.1920924e-07, 1.0000001, 1.5099579e-07, -1.0000001, 3.1304542e-15, 0.17094496, -0.57581246, 0.2923103)
bind/31/name = &"control-toe-roll.r"
bind/31/bone = -1
bind/31/pose = Transform3D(1, 1.4210863e-14, -3.8933834e-08, -3.8933834e-08, -3.9794153e-14, -1, -1.4210863e-14, 1, 5.532834e-22, 0.17094505, 0.24578933, -0.025990263)
bind/32/name = &"control-heel-roll.r"
bind/32/bone = -1
bind/32/pose = Transform3D(-1, 1.17137345e-20, 3.8933834e-08, 3.8933834e-08, 3.9794153e-14, 1, 1.1858461e-20, 1, 5.532834e-22, -0.17094503, 0.11704334, -0.025990263)
bind/33/name = &"control-foot-roll.r"
bind/33/bone = -1
bind/33/pose = Transform3D(1, -1.6840428e-07, -1.7465581e-07, -2.8421713e-14, 0.7198727, -0.6941061, 2.4262042e-07, 0.6941061, 0.7198728, 0.17094505, 0.048197158, -0.087430514)
bind/34/name = &"heelIK.r"
bind/34/bone = -1
bind/34/pose = Transform3D(1, -9.300417e-08, 2.7717404e-15, -3.1193452e-14, -2.9802326e-08, -1.0000001, 9.300415e-08, 1, -2.9802326e-08, 0.17094505, -0.018585881, -0.14523719)
bind/35/name = &"IK-foot.r"
bind/35/bone = -1
bind/35/pose = Transform3D(1, 1.018906e-07, 1.05672996e-07, 3.552714e-14, -0.7198727, 0.6941061, 1.4679394e-07, -0.6941061, -0.7198728, 0.170945, 0.11745288, 0.08743059)
bind/36/name = &"IK-toe.r"
bind/36/bone = -1
bind/36/pose = Transform3D(-1, 1.348299e-16, -7.105428e-15, -3.552714e-15, 3.9794157e-14, 1.0000001, 1.3483159e-16, 1, -4.9529065e-29, -0.17094503, 0.11704334, -0.025990263)
bind/37/name = &"elbowIK.l"
bind/37/bone = -1
bind/37/pose = Transform3D(1, 2.842172e-14, -3.2522934e-08, -3.2522934e-08, -4.2393003e-14, -1, -2.842172e-14, 1, 9.243577e-22, -0.45350736, -0.5888595, -1.1067611)
bind/38/name = &"handIK.l"
bind/38/bone = -1
bind/38/pose = Transform3D(8.5265155e-14, -7.549776e-08, 1.0000001, 1.0000002, -2.3210895e-14, -1.1920933e-07, 6.4373308e-21, 1.0000001, 7.549779e-08, -1.3204982e-09, -0.71318173, -1.1067612)
bind/39/name = &"elbowIK.r"
bind/39/bone = -1
bind/39/pose = Transform3D(1, 2.842172e-14, -3.2522934e-08, -3.2522934e-08, -4.2393003e-14, -1, -2.842172e-14, 1, 9.243577e-22, 0.4535073, -0.5888595, -1.1067611)
bind/40/name = &"handIK.r"
bind/40/bone = -1
bind/40/pose = Transform3D(-2.842171e-14, 7.549795e-08, -1, -1, 3.7892514e-15, 8.526513e-14, 2.1457808e-21, 1, 7.549795e-08, 1.3201894e-09, -0.71318156, -1.1067611)
