[gd_resource type="Skin" format=3 uid="uid://cx78feasvle8d"]

[resource]
resource_name = "Skin"
bind_count = 23
bind/0/name = &"root"
bind/0/bone = -1
bind/0/pose = Transform3D(1, 0, -2.3841852e-07, 0, 1, 0, 2.3841852e-07, 0, 1, 0, 0, 0)
bind/1/name = &"hips"
bind/1/bone = -1
bind/1/pose = Transform3D(1, 0, 1.4210855e-14, 0, 1, 0, -1.4210855e-14, 0, 1, 0, -0.40566343, 0)
bind/2/name = &"upperleg.l"
bind/2/bone = -1
bind/2/pose = Transform3D(1, -1.3659287e-07, -1.5161297e-07, -1.3124304e-07, -0.99939644, 0.034742657, -1.5626404e-07, -0.034742657, -0.99939597, -0.17094499, 0.5189373, 0.018040188)
bind/3/name = &"lowerleg.l"
bind/3/bone = -1
bind/3/pose = Transform3D(1, 7.371229e-10, -4.0947925e-09, 5.709875e-13, -0.984181, -0.17716601, -4.1576005e-09, 0.17716613, -0.98418057, -0.17094503, 0.289084, -0.044022996)
bind/4/name = &"foot.l"
bind/4/bone = -1
bind/4/pose = Transform3D(1, -1.6907145e-09, -1.753477e-09, -2.1088682e-12, -0.719873, 0.6941057, -2.4335927e-09, -0.694106, -0.71987265, -0.17094503, 0.11745294, 0.08743056)
bind/5/name = &"toes.l"
bind/5/bone = -1
bind/5/pose = Transform3D(-1, 1.534316e-07, 2.643831e-15, -3.0532933e-12, 5.960463e-08, 0.99999976, 1.5343159e-07, 1, -2.9802315e-08, 0.17094503, -0.09639277, -0.025990315)
bind/6/name = &"spine"
bind/6/bone = -1
bind/6/pose = Transform3D(1, 0, -1.4210853e-14, 0, 1, 0, 1.4210853e-14, 0, 1, 0, -0.59764093, 0)
bind/7/name = &"chest"
bind/7/bone = -1
bind/7/pose = Transform3D(1, 0, -1.4210852e-14, 0, 1.0000001, 0, 1.4210852e-14, 0, 1, 0, -0.97262895, 0)
bind/8/name = &"upperarm.l"
bind/8/bone = -1
bind/8/pose = Transform3D(0.05729549, -1.3410366e-07, 0.99835753, 0.99835753, 3.9647796e-09, -0.05729569, 3.3244254e-09, 1.0000002, 1.2294612e-07, -0.012147002, -0.21165913, -1.1067613)
bind/9/name = &"lowerarm.l"
bind/9/bone = -1
bind/9/pose = Transform3D(-0.053297255, -9.514964e-09, 0.9985789, 0.99857897, -9.953018e-10, 0.053297054, 8.5924594e-11, 1.0000002, -1.6099023e-09, 0.038010545, -0.45212415, -1.1067613)
bind/10/name = &"wrist.l"
bind/10/bone = -1
bind/10/pose = Transform3D(-3.725292e-09, -8.936492e-09, 1.0000002, 1.0000002, -4.0084122e-10, -1.9744049e-07, 1.3606717e-18, 1.0000002, -2.227898e-09, -7.313433e-08, -0.7131817, -1.1067613)
bind/11/name = &"hand.l"
bind/11/bone = -1
bind/11/pose = Transform3D(-1.2159625e-26, -8.936492e-09, 1.0000002, 1.0000002, -4.008412e-10, -2.0116576e-07, -4.135905e-25, 1.0000002, -2.227898e-09, -7.606616e-08, -0.7870076, -1.1067613)
bind/12/name = &"handslot.l"
bind/12/bone = -1
bind/12/pose = Transform3D(-1.0000002, -4.352648e-09, -3.819581e-09, -2.3841864e-07, -8.936492e-09, 1.0000002, -4.7534914e-09, 1.0000002, -2.227898e-09, 0.88313264, 1.3397522e-07, -1.0492613)
bind/13/name = &"upperarm.r"
bind/13/bone = -1
bind/13/pose = Transform3D(0.05729549, 1.3410366e-07, -0.99835753, -0.99835753, 3.9647796e-09, -0.05729569, -3.3244254e-09, 1.0000002, 1.2294612e-07, 0.012147002, -0.21165913, -1.1067613)
bind/14/name = &"lowerarm.r"
bind/14/bone = -1
bind/14/pose = Transform3D(-0.053297255, 9.514964e-09, -0.9985789, -0.99857897, -9.953018e-10, 0.053297054, -8.5924594e-11, 1.0000002, -1.6099023e-09, -0.038010545, -0.45212415, -1.1067613)
bind/15/name = &"wrist.r"
bind/15/bone = -1
bind/15/pose = Transform3D(-3.725292e-09, 8.936492e-09, -1.0000002, -1.0000002, -4.0084122e-10, -1.9744049e-07, -1.3606717e-18, 1.0000002, -2.227898e-09, 7.313433e-08, -0.7131817, -1.1067613)
bind/16/name = &"hand.r"
bind/16/bone = -1
bind/16/pose = Transform3D(-1.2159625e-26, 8.936492e-09, -1.0000002, -1.0000002, -4.008412e-10, -2.0116576e-07, 4.135905e-25, 1.0000002, -2.227898e-09, 7.606616e-08, -0.7870076, -1.1067613)
bind/17/name = &"handslot.r"
bind/17/bone = -1
bind/17/pose = Transform3D(-1.0000002, 4.352591e-09, 3.819581e-09, 2.3841864e-07, -8.936492e-09, 1.0000002, 4.7534345e-09, 1.0000002, -2.227898e-09, -0.88313264, 1.3397522e-07, -1.0492613)
bind/18/name = &"head"
bind/18/bone = -1
bind/18/pose = Transform3D(1, 0, -1.4210855e-14, 0, 1.0000001, 0, 1.4210855e-14, 0, 1, 0, -1.2414255, 0)
bind/19/name = &"upperleg.r"
bind/19/bone = -1
bind/19/pose = Transform3D(1, 1.3659289e-07, 1.51613e-07, 1.3124304e-07, -0.99939644, 0.034742657, 1.5626406e-07, -0.034742657, -0.99939597, 0.17094499, 0.5189373, 0.018040188)
bind/20/name = &"lowerleg.r"
bind/20/bone = -1
bind/20/pose = Transform3D(1, -7.371198e-10, 4.094735e-09, -5.8369954e-13, -0.984181, -0.17716601, 4.157545e-09, 0.17716613, -0.98418057, 0.17094503, 0.289084, -0.044022996)
bind/21/name = &"foot.r"
bind/21/bone = -1
bind/21/pose = Transform3D(1, 1.6907049e-09, 1.7534674e-09, 2.1046494e-12, -0.719873, 0.6941057, 2.433575e-09, -0.694106, -0.71987265, 0.17094503, 0.11745294, 0.08743056)
bind/22/name = &"toes.r"
bind/22/bone = -1
bind/22/pose = Transform3D(-1, -1.534316e-07, 7.015107e-15, 3.0461879e-12, 5.960463e-08, 0.99999976, -1.5343156e-07, 1, -2.9802315e-08, -0.17094503, -0.09639277, -0.025990315)
