[gd_scene format=3 uid="uid://clyxnvy47ppan"]

[ext_resource type="Texture2D" uid="uid://bgjibj11udxxw" path="res://Assets/2DVFX/Smoke/Smoke_0000.png" id="1_xouyj"]
[ext_resource type="Texture2D" uid="uid://jvdxohwlswfx" path="res://Assets/2DVFX/Smoke/Smoke_0001.png" id="2_j288k"]
[ext_resource type="Texture2D" uid="uid://bmfvachkewe1g" path="res://Assets/2DVFX/Smoke/Smoke_0010.png" id="3_h7jbv"]
[ext_resource type="Texture2D" uid="uid://d22smjmlwgbwv" path="res://Assets/2DVFX/Smoke/Smoke_0011.png" id="4_ckcwq"]
[ext_resource type="Texture2D" uid="uid://b520a5lbaa3ld" path="res://Assets/2DVFX/Smoke/Smoke_0012.png" id="5_ervxy"]
[ext_resource type="Texture2D" uid="uid://bp2kqqwg8gque" path="res://Assets/2DVFX/Smoke/Smoke_0013.png" id="6_i2jm2"]
[ext_resource type="Texture2D" uid="uid://bijltmftcpvi0" path="res://Assets/2DVFX/Smoke/Smoke_0014.png" id="7_ejno2"]
[ext_resource type="Texture2D" uid="uid://vis57e2btwm7" path="res://Assets/2DVFX/Smoke/Smoke_0015.png" id="8_ygvwd"]
[ext_resource type="Texture2D" uid="uid://dfic3e1eqvtue" path="res://Assets/2DVFX/Smoke/Smoke_0002.png" id="9_0ekk4"]
[ext_resource type="Texture2D" uid="uid://cdvh8e4362xw4" path="res://Assets/2DVFX/Smoke/Smoke_0003.png" id="10_yefp4"]
[ext_resource type="Texture2D" uid="uid://rcj10voa3i7y" path="res://Assets/2DVFX/Smoke/Smoke_0004.png" id="11_m3qkc"]
[ext_resource type="Texture2D" uid="uid://byug5wyikc7mh" path="res://Assets/2DVFX/Smoke/Smoke_0005.png" id="12_28rly"]
[ext_resource type="Texture2D" uid="uid://deohptjanj2yc" path="res://Assets/2DVFX/Smoke/Smoke_0006.png" id="13_ldlq6"]
[ext_resource type="Texture2D" uid="uid://doxagu3ahln4f" path="res://Assets/2DVFX/Smoke/Smoke_0007.png" id="14_si12e"]
[ext_resource type="Texture2D" uid="uid://3xr32o0k6r0k" path="res://Assets/2DVFX/Smoke/Smoke_0008.png" id="15_r26f6"]
[ext_resource type="Texture2D" uid="uid://dea4pkksu4s0b" path="res://Assets/2DVFX/Smoke/Smoke_0009.png" id="16_aebfb"]
[ext_resource type="Texture2D" uid="uid://dg3anf8xloseq" path="res://Assets/2DVFX/HealIcon.png" id="17_tfnux"]
[ext_resource type="ArrayMesh" uid="uid://byhf457pxrmls" path="res://Assets/Characters/Character Hero Meshes/Back/Originals/Paladin_with_Helmet_Paladin_Cape.res" id="18_nv2np"]
[ext_resource type="Material" uid="uid://b5eakouh08h7p" path="res://Assets/Materials/WarriorsCallMat.tres" id="19_mtp5d"]
[ext_resource type="ArrayMesh" uid="uid://cac2aq6mi54bv" path="res://Assets/Characters/Character Hero Meshes/HeavyArmor/BaseMeshesHeavy/Paladin_with_Helmet_Paladin_ArmLeft.res" id="20_y6hrm"]
[ext_resource type="ArrayMesh" uid="uid://1a72gomno7y1" path="res://Assets/Characters/Character Hero Meshes/HeavyArmor/BaseMeshesHeavy/Paladin_with_Helmet_Paladin_ArmRight.res" id="21_njs3t"]
[ext_resource type="ArrayMesh" uid="uid://deugv2fr5851k" path="res://Assets/Characters/Character Hero Meshes/HeavyArmor/BaseMeshesHeavy/Paladin_with_Helmet_Paladin_Body.res" id="22_m1vwh"]
[ext_resource type="ArrayMesh" uid="uid://djbawx1ek2117" path="res://Assets/Characters/Character Hero Meshes/HeavyArmor/BaseMeshesHeavy/Paladin_with_Helmet_Paladin_Helmet.res" id="23_k0dkd"]
[ext_resource type="Skin" uid="uid://tm2vjlbdln2k" path="res://Resources/MeshSkins/PaladinHelmSkin.tres" id="24_vq2d5"]
[ext_resource type="ArrayMesh" uid="uid://d05xnjd4r1dif" path="res://Assets/Characters/Character Hero Meshes/HeavyArmor/BaseMeshesHeavy/Paladin_with_Helmet_Paladin_LegLeft.res" id="25_hj6ca"]
[ext_resource type="ArrayMesh" uid="uid://v1ajn33nhdbn" path="res://Assets/Characters/Character Hero Meshes/HeavyArmor/BaseMeshesHeavy/Paladin_with_Helmet_Paladin_LegRight.res" id="26_2hdh4"]
[ext_resource type="Shader" uid="uid://dfg4igxmg82sa" path="res://Assets/Shaders/SpinTexture.gdshader" id="27_yk4b1"]
[ext_resource type="Texture2D" uid="uid://w4alclilyqd8" path="res://Assets/Textures/Misc/twirl_01.png" id="28_xouyj"]

[sub_resource type="AnimatedTexture" id="AnimatedTexture_i1f7e"]
frames = 16
frame_0/texture = ExtResource("1_xouyj")
frame_0/duration = 0.1
frame_1/texture = ExtResource("2_j288k")
frame_1/duration = 0.1
frame_2/texture = ExtResource("9_0ekk4")
frame_2/duration = 0.1
frame_3/texture = ExtResource("10_yefp4")
frame_3/duration = 0.1
frame_4/texture = ExtResource("11_m3qkc")
frame_4/duration = 0.1
frame_5/texture = ExtResource("12_28rly")
frame_5/duration = 0.1
frame_6/texture = ExtResource("13_ldlq6")
frame_6/duration = 0.1
frame_7/texture = ExtResource("14_si12e")
frame_7/duration = 0.1
frame_8/texture = ExtResource("15_r26f6")
frame_8/duration = 0.1
frame_9/texture = ExtResource("16_aebfb")
frame_9/duration = 0.1
frame_10/texture = ExtResource("3_h7jbv")
frame_10/duration = 0.1
frame_11/texture = ExtResource("4_ckcwq")
frame_11/duration = 0.1
frame_12/texture = ExtResource("5_ervxy")
frame_12/duration = 0.1
frame_13/texture = ExtResource("6_i2jm2")
frame_13/duration = 0.1
frame_14/texture = ExtResource("7_ejno2")
frame_14/duration = 0.1
frame_15/texture = ExtResource("8_ygvwd")
frame_15/duration = 0.1

[sub_resource type="StandardMaterial3D" id="StandardMaterial3D_ih428"]
transparency = 4
cull_mode = 2
shading_mode = 0
albedo_color = Color(1, 0.42105752, 0.3425188, 1)
albedo_texture = SubResource("AnimatedTexture_i1f7e")
billboard_mode = 1

[sub_resource type="QuadMesh" id="QuadMesh_qkn4j"]
material = SubResource("StandardMaterial3D_ih428")
size = Vector2(0.5, 0.5)

[sub_resource type="Curve" id="Curve_t4mq0"]
_data = [Vector2(0, 0), 0.0, 0.0, 0, 0, Vector2(1, 1), 0.0, 0.0, 0, 0]
point_count = 2

[sub_resource type="StandardMaterial3D" id="StandardMaterial3D_6sbxw"]
transparency = 4
shading_mode = 0
albedo_color = Color(8.090442, 3.3467977, 2.0973256, 1)
albedo_texture = ExtResource("17_tfnux")
billboard_mode = 1

[sub_resource type="QuadMesh" id="QuadMesh_0m3py"]
material = SubResource("StandardMaterial3D_6sbxw")
size = Vector2(0.5, 0.5)

[sub_resource type="Skin" id="Skin_5f4mh"]
resource_name = "Skin"
bind_count = 23
bind/0/name = &"root"
bind/0/bone = -1
bind/0/pose = Transform3D(1, 0, -2.3841855e-07, 0, 1, 0, 2.3841855e-07, 0, 1, 0, 0, 0)
bind/1/name = &"hips"
bind/1/bone = -1
bind/1/pose = Transform3D(1, 0, 0, 0, 1, 0, 0, 0, 1, 0, -0.40566343, 0)
bind/2/name = &"spine"
bind/2/bone = -1
bind/2/pose = Transform3D(1, 0, -1.4210855e-14, 0, 1, 0, 1.4210855e-14, 0, 1, 0, -0.59764093, 0)
bind/3/name = &"chest"
bind/3/bone = -1
bind/3/pose = Transform3D(1, 0, -1.4210854e-14, 0, 1.0000001, 0, 1.4210854e-14, 0, 1, 0, -0.97262895, 0)
bind/4/name = &"head"
bind/4/bone = -1
bind/4/pose = Transform3D(1, 0, -1.4210855e-14, 0, 1.0000001, 0, 1.4210855e-14, 0, 1, 0, -1.2414255, 0)
bind/5/name = &"upperarm.r"
bind/5/bone = -1
bind/5/pose = Transform3D(0.05729549, 1.3410366e-07, -0.99835753, -0.99835753, 3.9647796e-09, -0.05729569, -3.3244254e-09, 1.0000002, 1.2294612e-07, 0.012147002, -0.21165913, -1.1067613)
bind/6/name = &"lowerarm.r"
bind/6/bone = -1
bind/6/pose = Transform3D(-0.053297255, 9.514964e-09, -0.9985789, -0.99857897, -9.953018e-10, 0.053297054, -8.5924594e-11, 1.0000002, -1.6099023e-09, -0.038010545, -0.45212415, -1.1067613)
bind/7/name = &"wrist.r"
bind/7/bone = -1
bind/7/pose = Transform3D(-3.725292e-09, 8.936492e-09, -1.0000002, -1.0000002, -4.0084122e-10, -1.9744049e-07, -1.3606717e-18, 1.0000002, -2.227898e-09, 7.313433e-08, -0.7131817, -1.1067613)
bind/8/name = &"hand.r"
bind/8/bone = -1
bind/8/pose = Transform3D(-1.2159625e-26, 8.936492e-09, -1.0000002, -1.0000002, -4.008412e-10, -2.0116576e-07, 4.135905e-25, 1.0000002, -2.227898e-09, 7.606616e-08, -0.7870076, -1.1067613)
bind/9/name = &"handslot.r"
bind/9/bone = -1
bind/9/pose = Transform3D(-1.0000002, 4.352591e-09, 3.819581e-09, 2.3841864e-07, -8.936492e-09, 1.0000002, 4.7534345e-09, 1.0000002, -2.227898e-09, -0.88313264, 1.3397522e-07, -1.0492613)
bind/10/name = &"upperarm.l"
bind/10/bone = -1
bind/10/pose = Transform3D(0.05729549, -1.3410366e-07, 0.99835753, 0.99835753, 3.9647796e-09, -0.05729569, 3.3244254e-09, 1.0000002, 1.2294612e-07, -0.012147002, -0.21165913, -1.1067613)
bind/11/name = &"lowerarm.l"
bind/11/bone = -1
bind/11/pose = Transform3D(-0.053297255, -9.514964e-09, 0.9985789, 0.99857897, -9.953018e-10, 0.053297054, 8.5924594e-11, 1.0000002, -1.6099023e-09, 0.038010545, -0.45212415, -1.1067613)
bind/12/name = &"wrist.l"
bind/12/bone = -1
bind/12/pose = Transform3D(-3.725292e-09, -8.936492e-09, 1.0000002, 1.0000002, -4.0084122e-10, -1.9744049e-07, 1.3606717e-18, 1.0000002, -2.227898e-09, -7.313433e-08, -0.7131817, -1.1067613)
bind/13/name = &"hand.l"
bind/13/bone = -1
bind/13/pose = Transform3D(-1.2159625e-26, -8.936492e-09, 1.0000002, 1.0000002, -4.008412e-10, -2.0116576e-07, -4.135905e-25, 1.0000002, -2.227898e-09, -7.606616e-08, -0.7870076, -1.1067613)
bind/14/name = &"handslot.l"
bind/14/bone = -1
bind/14/pose = Transform3D(-1.0000002, -4.352648e-09, -3.819581e-09, -2.3841864e-07, -8.936492e-09, 1.0000002, -4.7534914e-09, 1.0000002, -2.227898e-09, 0.88313264, 1.3397522e-07, -1.0492613)
bind/15/name = &"upperleg.l"
bind/15/bone = -1
bind/15/pose = Transform3D(1, -1.3659287e-07, -1.5161298e-07, -1.3124304e-07, -0.99939644, 0.034742657, -1.5626405e-07, -0.034742657, -0.99939597, -0.17094499, 0.5189373, 0.018040188)
bind/16/name = &"lowerleg.l"
bind/16/bone = -1
bind/16/pose = Transform3D(1, 7.3710177e-10, -4.0946952e-09, 5.785925e-13, -0.984181, -0.17716601, -4.1575006e-09, 0.17716613, -0.98418057, -0.17094503, 0.289084, -0.044022996)
bind/17/name = &"foot.l"
bind/17/bone = -1
bind/17/pose = Transform3D(1, -1.6907059e-09, -1.7534683e-09, -2.102762e-12, -0.719873, 0.6941057, -2.4335713e-09, -0.694106, -0.71987265, -0.17094503, 0.11745294, 0.08743056)
bind/18/name = &"toes.l"
bind/18/bone = -1
bind/18/pose = Transform3D(-1, 1.534316e-07, -6.126929e-15, -3.0532933e-12, 5.960463e-08, 0.99999976, 1.5343156e-07, 1, -2.9802315e-08, 0.17094503, -0.09639277, -0.025990315)
bind/19/name = &"upperleg.r"
bind/19/bone = -1
bind/19/pose = Transform3D(1, 1.3659287e-07, 1.5161298e-07, 1.3124304e-07, -0.99939644, 0.034742657, 1.5626405e-07, -0.034742657, -0.99939597, 0.17094499, 0.5189373, 0.018040188)
bind/20/name = &"lowerleg.r"
bind/20/bone = -1
bind/20/pose = Transform3D(1, -7.370968e-10, 4.0946673e-09, -5.704879e-13, -0.984181, -0.17716601, 4.15747e-09, 0.17716613, -0.98418057, 0.17094503, 0.289084, -0.044022996)
bind/21/name = &"foot.r"
bind/21/bone = -1
bind/21/pose = Transform3D(1, 1.6906887e-09, 1.7534497e-09, 2.1090902e-12, -0.719873, 0.6941057, 2.4335514e-09, -0.694106, -0.71987265, 0.17094503, 0.11745294, 0.08743056)
bind/22/name = &"toes.r"
bind/22/bone = -1
bind/22/pose = Transform3D(-1, -1.5343159e-07, 1.0456797e-14, 3.0532933e-12, 5.960463e-08, 0.99999976, -1.5343153e-07, 1, -2.9802315e-08, -0.17094503, -0.09639277, -0.025990315)

[sub_resource type="ShaderMaterial" id="ShaderMaterial_0bp5v"]
render_priority = 0
shader = ExtResource("27_yk4b1")
shader_parameter/swirl_tex = ExtResource("28_xouyj")
shader_parameter/pivot = Vector2(0.5, 0.5)
shader_parameter/fade = 1.0
shader_parameter/fade_softness = 1.0
shader_parameter/color_bottom = Color(1, 0.013882697, 0.069868684, 1)
shader_parameter/color_top = Color(1, 0.58284074, 0.50036633, 1)
shader_parameter/spin_speed = 8.0
shader_parameter/scroll_speed = 1.0
shader_parameter/alpha_strength = 1.0
shader_parameter/gradient_power = 1.0

[sub_resource type="QuadMesh" id="QuadMesh_xouyj"]
material = SubResource("ShaderMaterial_0bp5v")

[node name="WarriorsCallVFX" type="Node3D" unique_id=1859836920]

[node name="PowerSmoke" type="CPUParticles3D" parent="." unique_id=828866626]
transform = Transform3D(1, 0, 0, 0, 1, 0, 0, 0, 1, 0, 1.1103759, 0)
cast_shadow = 0
mesh = SubResource("QuadMesh_qkn4j")
emission_shape = 2
emission_sphere_radius = 1.0
gravity = Vector3(0, 0, 0)
scale_amount_min = 0.1
scale_amount_max = 0.5
scale_amount_curve = SubResource("Curve_t4mq0")

[node name="HealSymbol" type="CPUParticles3D" parent="." unique_id=1145282548]
transform = Transform3D(1, 0, 0, 0, 0.4911774, -0.87105954, 0, 0.87105954, 0.4911774, -0.0050325394, 0.6115842, 0)
cast_shadow = 0
amount = 5
mesh = SubResource("QuadMesh_0m3py")
emission_shape = 6
emission_ring_axis = Vector3(0, 0, 0)
emission_ring_height = 1.0
emission_ring_radius = 1.0
emission_ring_inner_radius = 0.0
emission_ring_cone_angle = 90.0
gravity = Vector3(0, 2, 0)
scale_amount_min = 0.01
scale_amount_max = 0.01

[node name="Paladin_with_Helmet" type="Node3D" parent="." unique_id=1286196735]

[node name="Rig_Medium" type="Node3D" parent="Paladin_with_Helmet" unique_id=1304271949]

[node name="Skeleton3D" type="Skeleton3D" parent="Paladin_with_Helmet/Rig_Medium" unique_id=1686624451]
bones/0/name = "root"
bones/0/parent = -1
bones/0/rest = Transform3D(1, 0, 2.3841855e-07, 0, 1, 0, -2.3841855e-07, 0, 1, 0, 0, 0)
bones/0/enabled = true
bones/0/position = Vector3(0, 0, 0)
bones/0/rotation = Quaternion(0, 1.19209275e-07, 0, 1)
bones/0/scale = Vector3(1, 1, 1)
bones/1/name = "hips"
bones/1/parent = 0
bones/1/rest = Transform3D(1, 0, -2.3841855e-07, 0, 1, 0, 2.3841855e-07, 0, 1, 0, 0.40566343, 0)
bones/1/enabled = true
bones/1/position = Vector3(0, 0.40566343, 0)
bones/1/rotation = Quaternion(0, -1.19209275e-07, 0, 1)
bones/1/scale = Vector3(1, 1, 1)
bones/2/name = "spine"
bones/2/parent = 1
bones/2/rest = Transform3D(1, 0, 1.4210855e-14, 0, 1, 0, -1.4210855e-14, 0, 1, 0, 0.1919775, 0)
bones/2/enabled = true
bones/2/position = Vector3(0, 0.1919775, 0)
bones/2/rotation = Quaternion(0, 7.1054274e-15, 0, 1)
bones/2/scale = Vector3(1, 1, 1)
bones/3/name = "chest"
bones/3/parent = 2
bones/3/rest = Transform3D(1, 0, -1.6940659e-21, 0, 0.99999994, 0, 1.6940659e-21, 0, 1, 0, 0.37498796, 0)
bones/3/enabled = true
bones/3/position = Vector3(0, 0.37498796, 0)
bones/3/rotation = Quaternion(0, -8.4703295e-22, 0, 1)
bones/3/scale = Vector3(1, 0.99999994, 1)
bones/4/name = "head"
bones/4/parent = 3
bones/4/rest = Transform3D(1, 0, 8.4703295e-22, 0, 1, 0, -8.4703295e-22, 0, 1, 0, 0.26879656, 0)
bones/4/enabled = true
bones/4/position = Vector3(0, 0.26879656, 0)
bones/4/rotation = Quaternion(0, 4.2351647e-22, 0, 1)
bones/4/scale = Vector3(1, 1, 1)
bones/5/name = "upperarm.r"
bones/5/parent = 3
bones/5/rest = Transform3D(0.05728419, -0.99835724, 4.4361707e-07, 5.6624367e-07, 4.7683673e-07, 0.99999976, -0.99835724, -0.05728419, 5.9262936e-07, -0.21200737, 0.13413215, 8.402462e-08)
bones/5/enabled = true
bones/5/position = Vector3(-0.21200737, 0.13413215, 8.402462e-08)
bones/5/rotation = Quaternion(-0.5141214, 0.48546776, 0.4854678, 0.5141219)
bones/5/scale = Vector3(0.9999993, 0.9999993, 0.99999976)
bones/6/name = "lowerarm.r"
bones/6/parent = 5
bones/6/rest = Transform3D(0.99388725, -0.11040192, 1.2453701e-07, 0.110401966, 0.9938869, 3.9025445e-09, -1.2420661e-07, 9.87044e-09, 0.99999994, -7.1219225e-11, 0.24189733, -1.1940561e-07)
bones/6/enabled = true
bones/6/position = Vector3(-7.1219225e-11, 0.24189733, -1.1940561e-07)
bones/6/rotation = Quaternion(1.4942598e-09, 6.228116e-08, 0.055285532, 0.99847054)
bones/6/scale = Vector3(1.0000002, 0.9999999, 0.99999994)
bones/7/name = "wrist.r"
bones/7/parent = 6
bones/7/rest = Transform3D(0.99857867, 0.053297248, 6.1252675e-10, -0.053297248, 0.99857867, -1.1873953e-10, -6.1798466e-10, 8.592478e-11, 0.99999994, -7.426282e-09, 0.26004383, 6.127964e-11)
bones/7/enabled = true
bones/7/position = Vector3(-7.426282e-09, 0.26004383, 6.127964e-11)
bones/7/rotation = Quaternion(5.1184276e-11, 3.0773722e-10, -0.0266581, 0.99964464)
bones/7/scale = Vector3(0.99999994, 0.99999994, 0.99999994)
bones/8/name = "hand.r"
bones/8/parent = 7
bones/8/rest = Transform3D(1, -1.091039e-05, -1.8421935e-07, 1.0910391e-05, 0.99999994, -2.4008373e-09, 1.8421939e-07, 2.3988274e-09, 0.99999994, 3.996803e-15, 0.073825836, -2.220446e-16)
bones/8/enabled = true
bones/8/position = Vector3(3.996803e-15, 0.073825836, -2.220446e-16)
bones/8/rotation = Quaternion(1.1999163e-09, -9.210969e-08, 5.4551956e-06, 1)
bones/8/scale = Vector3(1, 0.99999994, 0.99999994)
bones/9/name = "handslot.r"
bones/9/parent = 8
bones/9/rest = Transform3D(-1.1920929e-07, -1, 3.4460874e-16, 0.99999994, -1.192093e-07, -4.7534323e-09, 4.7534323e-09, -2.2204463e-16, 0.99999994, -5.1389204e-10, 0.09612507, -0.057500124)
bones/9/enabled = true
bones/9/position = Vector3(-5.1389204e-10, 0.09612507, -0.057500124)
bones/9/rotation = Quaternion(1.6805922e-09, -1.6805922e-09, 0.7071068, 0.7071067)
bones/9/scale = Vector3(0.99999994, 1, 0.99999994)
bones/10/name = "upperarm.l"
bones/10/parent = 3
bones/10/rest = Transform3D(0.057284202, 0.9983573, -4.5386042e-07, -3.8742996e-07, 4.768369e-07, 0.99999976, 0.9983573, -0.057284202, 4.1410917e-07, 0.21200737, 0.13413215, 8.402462e-08)
bones/10/enabled = true
bones/10/position = Vector3(0.21200737, 0.13413215, 8.402462e-08)
bones/10/rotation = Quaternion(-0.5141215, -0.48546782, -0.48546782, 0.51412183)
bones/10/scale = Vector3(0.99999934, 0.99999934, 0.99999976)
bones/11/name = "lowerarm.l"
bones/11/parent = 10
bones/11/rest = Transform3D(0.99388725, 0.11040192, -1.2453701e-07, -0.110401966, 0.9938869, 3.9025445e-09, 1.2420661e-07, 9.87044e-09, 0.99999994, -3.2196643e-09, 0.2418973, -1.1940561e-07)
bones/11/enabled = true
bones/11/position = Vector3(-3.2196643e-09, 0.2418973, -1.1940561e-07)
bones/11/rotation = Quaternion(1.4942598e-09, -6.228116e-08, -0.055285532, 0.99847054)
bones/11/scale = Vector3(1.0000002, 0.9999999, 0.99999994)
bones/12/name = "wrist.l"
bones/12/parent = 11
bones/12/rest = Transform3D(0.99857867, -0.053297248, -6.125374e-10, 0.053297248, 0.99857867, -1.1874038e-10, 6.179954e-10, 8.5925066e-11, 0.99999994, 7.426282e-09, 0.26004383, 6.127964e-11)
bones/12/enabled = true
bones/12/position = Vector3(7.426282e-09, 0.26004383, 6.127964e-11)
bones/12/rotation = Quaternion(5.118456e-11, -3.0774258e-10, 0.0266581, 0.99964464)
bones/12/scale = Vector3(0.99999994, 0.99999994, 0.99999994)
bones/13/name = "hand.l"
bones/13/parent = 12
bones/13/rest = Transform3D(1, 1.091039e-05, 2.7178578e-07, -1.0910391e-05, 0.99999994, -2.40181e-09, -2.7178584e-07, 2.398845e-09, 0.99999994, 9.054979e-13, 0.073825836, -2.220446e-16)
bones/13/enabled = true
bones/13/position = Vector3(9.054979e-13, 0.073825836, -2.220446e-16)
bones/13/rotation = Quaternion(1.2001639e-09, 1.3589292e-07, -5.4551956e-06, 1)
bones/13/scale = Vector3(1, 0.99999994, 0.99999994)
bones/14/name = "handslot.l"
bones/14/parent = 13
bones/14/rest = Transform3D(-1.1920929e-07, 1, -3.4461551e-16, -0.99999994, -1.192093e-07, -4.753489e-09, -4.753489e-09, -2.2204463e-16, 0.99999994, 5.1389204e-10, 0.09612507, -0.057500124)
bones/14/enabled = true
bones/14/position = Vector3(5.1389204e-10, 0.09612507, -0.057500124)
bones/14/rotation = Quaternion(1.6806123e-09, 1.6806123e-09, -0.7071068, 0.7071067)
bones/14/scale = Vector3(0.99999994, 1, 0.99999994)
bones/15/name = "upperleg.l"
bones/15/parent = 1
bones/15/rest = Transform3D(1, -1.4221489e-07, -2.6560253e-08, -1.4305179e-07, -0.9993962, -0.034741182, -2.1603478e-08, 0.034741133, -0.9993976, 0.17094506, 0.11358726, 1.3923272e-08)
bones/15/enabled = true
bones/15/position = Vector3(0.17094506, 0.11358726, 1.3923272e-08)
bones/15/rotation = Quaternion(0.9998491, -7.132744e-08, -1.2042742e-08, 0.017373191)
bones/15/scale = Vector3(1, 0.9999998, 1.0000012)
bones/16/name = "lowerleg.l"
bones/16/parent = 15
bones/16/rest = Transform3D(1, 1.612898e-07, 1.2085522e-07, -1.3211937e-07, 0.9774329, -0.21124826, -1.5219996e-07, 0.21124834, 0.97743255, 3.5798609e-09, 0.2270775, -6.1393925e-09)
bones/16/enabled = true
bones/16/position = Vector3(3.5798609e-09, 0.2270775, -6.1393925e-09)
bones/16/rotation = Quaternion(0.106225125, 6.865221e-08, -7.3769655e-08, 0.9943421)
bones/16/scale = Vector3(1, 1.0000005, 1.0000001)
bones/17/name = "foot.l"
bones/17/parent = 16
bones/17/rest = Transform3D(1, 4.6432643e-08, 6.012488e-08, -7.5927986e-08, 0.5855154, 0.8106606, 2.4370657e-09, -0.81066227, 0.5855142, 1.8315821e-10, 0.14943703, 9.667923e-10)
bones/17/enabled = true
bones/17/position = Vector3(1.8315821e-10, 0.14943703, 9.667923e-10)
bones/17/rotation = Quaternion(-0.45523897, 1.6197745e-08, -3.4356695e-08, 0.8903693)
bones/17/scale = Vector3(1, 1.0000008, 0.99999875)
bones/18/name = "toes.l"
bones/18/parent = 17
bones/18/rest = Transform3D(-1, 1.332896e-07, 6.943393e-08, 4.2534086e-08, 0.6941041, -0.7198751, -1.4414618e-07, -0.71987, -0.694109, -1.5114125e-08, 0.16565003, 5.1719273e-09)
bones/18/enabled = true
bones/18/position = Vector3(-1.5114125e-08, 0.16565003, 5.1719273e-09)
bones/18/rotation = Quaternion(4.775987e-08, 0.92035496, -0.39108413, 5.801563e-08)
bones/18/scale = Vector3(1, 0.9999966, 1.0000037)
bones/19/name = "upperleg.r"
bones/19/parent = 1
bones/19/rest = Transform3D(1, 1.4961098e-07, -6.086259e-08, 1.4740625e-07, -0.9993962, -0.034741182, -6.6023425e-08, 0.034741133, -0.9993976, -0.17094506, 0.11358726, 1.3923272e-08)
bones/19/enabled = true
bones/19/position = Vector3(-0.17094506, 0.11358726, 1.3923272e-08)
bones/19/rotation = Quaternion(0.9998491, 7.426552e-08, -3.1726273e-08, 0.017373191)
bones/19/scale = Vector3(1, 0.9999998, 1.0000012)
bones/20/name = "lowerleg.r"
bones/20/parent = 19
bones/20/rest = Transform3D(1, -1.612898e-07, -1.2085526e-07, 1.3211935e-07, 0.9774329, -0.21124826, 1.522e-07, 0.21124834, 0.97743255, -3.5798609e-09, 0.2270775, -6.1393925e-09)
bones/20/enabled = true
bones/20/position = Vector3(-3.5798609e-09, 0.2270775, -6.1393925e-09)
bones/20/rotation = Quaternion(0.106225125, -6.8652234e-08, 7.376965e-08, 0.9943421)
bones/20/scale = Vector3(1, 1.0000005, 1.0000001)
bones/21/name = "foot.r"
bones/21/parent = 20
bones/21/rest = Transform3D(1, -1.5513098e-07, 2.9352051e-07, -1.471147e-07, 0.5855154, 0.8106606, -2.976195e-07, -0.81066227, 0.5855142, -1.8315699e-10, 0.14943703, 9.667975e-10)
bones/21/enabled = true
bones/21/position = Vector3(-1.8315699e-10, 0.14943703, 9.667975e-10)
bones/21/rotation = Quaternion(-0.45523897, 1.659818e-07, 2.250792e-09, 0.8903693)
bones/21/scale = Vector3(1, 1.0000008, 0.99999875)
bones/22/name = "toes.r"
bones/22/parent = 21
bones/22/rest = Transform3D(-1, 8.9513634e-08, 1.0213962e-07, -1.13950165e-08, 0.6941041, -0.7198751, -1.3533412e-07, -0.71987, -0.694109, 2.129614e-10, 0.16565003, 5.1719318e-09)
bones/22/enabled = true
bones/22/position = Vector3(2.129614e-10, 0.16565003, 5.1719318e-09)
bones/22/rotation = Quaternion(2.1219783e-08, 0.92035496, -0.39108413, 6.450592e-08)
bones/22/scale = Vector3(1, 0.9999966, 1.0000037)

[node name="chest" type="BoneAttachment3D" parent="Paladin_with_Helmet/Rig_Medium/Skeleton3D" unique_id=1219691187]
transform = Transform3D(1, 0, 1.4210853e-14, 0, 0.99999994, 0, -1.4210853e-14, 0, 1, 0, 0.9726289, 0)
bone_name = "chest"
bone_idx = 3

[node name="Paladin_Cape" type="MeshInstance3D" parent="Paladin_with_Helmet/Rig_Medium/Skeleton3D/chest" unique_id=574102743]
transform = Transform3D(1, 0, -1.4210855e-14, 0, 1, 0, 1.4210855e-14, 0, 1, 1.5585408e-20, 0.24324484, -1.0967254e-06)
mesh = ExtResource("18_nv2np")
skeleton = NodePath("")

[node name="Paladin_ArmLeft" type="MeshInstance3D" parent="Paladin_with_Helmet/Rig_Medium/Skeleton3D" unique_id=1971045254]
material_override = ExtResource("19_mtp5d")
mesh = ExtResource("20_y6hrm")
skin = SubResource("Skin_5f4mh")

[node name="Paladin_ArmRight" type="MeshInstance3D" parent="Paladin_with_Helmet/Rig_Medium/Skeleton3D" unique_id=117920918]
material_overlay = ExtResource("19_mtp5d")
mesh = ExtResource("21_njs3t")
skin = SubResource("Skin_5f4mh")

[node name="Paladin_Body" type="MeshInstance3D" parent="Paladin_with_Helmet/Rig_Medium/Skeleton3D" unique_id=1712257883]
material_overlay = ExtResource("19_mtp5d")
mesh = ExtResource("22_m1vwh")
skin = SubResource("Skin_5f4mh")

[node name="Paladin_Helmet" type="MeshInstance3D" parent="Paladin_with_Helmet/Rig_Medium/Skeleton3D" unique_id=1080483386]
material_overlay = ExtResource("19_mtp5d")
mesh = ExtResource("23_k0dkd")
skin = ExtResource("24_vq2d5")

[node name="Paladin_LegLeft" type="MeshInstance3D" parent="Paladin_with_Helmet/Rig_Medium/Skeleton3D" unique_id=1409703536]
material_overlay = ExtResource("19_mtp5d")
mesh = ExtResource("25_hj6ca")
skin = SubResource("Skin_5f4mh")

[node name="Paladin_LegRight" type="MeshInstance3D" parent="Paladin_with_Helmet/Rig_Medium/Skeleton3D" unique_id=822920649]
material_overlay = ExtResource("19_mtp5d")
mesh = ExtResource("26_2hdh4")
skin = SubResource("Skin_5f4mh")

[node name="MeshInstance3D" type="MeshInstance3D" parent="." unique_id=646357634]
transform = Transform3D(2.675, 0, 0, 0, -1.16927964e-07, 2.675, 0, -2.675, -1.16927964e-07, 0, 0.22634864, 0)
cast_shadow = 0
mesh = SubResource("QuadMesh_xouyj")
